time,x,y,z,phi,theta,psi,x_velocity,y_velocity,z_velocity,phi_velocity,theta_velocity,psi_velocity,rotor_speed1,rotor_speed2,rotor_speed3,rotor_speed4
0.06,-6.10298202415e-06,4.04299027756e-06,10.007562261,0.0010250783401,0.00110268186089,0.0,-0.000356640701678,0.000250017699065,0.252053071848,0.00995573805086,-0.0127654916305,0.0,482.99826407443834,482.03480013227517,482.59245368076216,483.3431466296588
0.12000000000000001,-6.79750165602e-05,5.72032615703e-05,10.0262536969,0.00552508895976,0.00504434178529,0.0,-0.00214509305126,0.00197214682406,0.370960798835,0.0304296409272,-0.0377636966728,0.0,444.84016095179777,442.78869357382075,441.22678092276567,442.91350719524206
0.18,-0.000335086655909,0.000329828052268,10.0555621391,0.00915487380175,0.00844994012953,0.0,-0.0071432479796,0.00757703327257,0.605886504054,0.0144673918999,-0.0128484939289,0.0,477.0528315725266,478.95097889577454,478.5760932247261,477.35985370314603
0.23999999999999996,-0.000954272047885,0.000993763404359,10.0946970786,0.0154033765954,0.0135762540502,0.0,-0.0139874607202,0.0151597411284,0.698547102467,0.0387053722173,0.0125805986013,0.0,433.1350081138631,435.26807787083834,434.75376282705315,436.7796685977708
0.3,-0.00211464826868,0.00227936907504,10.1423405595,0.0188304111758,0.0144324913912,0.0,-0.0247859885106,0.0281021286706,0.8894312385,0.0259291123129,0.0150695110796,0.0,465.42050079591417,465.6151064509725,465.82764194107904,464.828082412282
0.36000000000000004,-0.00394076527509,0.00437646924567,10.19950803,0.0204760292528,0.0222081675655,0.0,-0.0368777447634,0.0419781994131,1.01602932755,0.0212326145377,0.0426099912382,0.0,444.5516570472245,446.802490045676,446.81362643860206,446.430706347556
0.4200000000000001,-0.00669000863787,0.007388296576,10.2658833623,0.024980319528,0.0281222578121,0.0,-0.0554119655526,0.0589487262633,1.19628182338,0.00030747631307,0.0615179136839,0.0,461.77032494089735,463.2607005435104,463.97223140097316,462.3265791285699
0.48000000000000015,-0.0106879889761,0.0115042839928,10.3417300213,0.0334519265328,0.0428672329615,0.0,-0.0794720753926,0.0791892820608,1.33170960636,-0.0327644413731,0.0238771587443,0.0,450.87729491207244,447.8278441446984,451.2775997340755,448.60044498943654
0.5400000000000001,-0.0163742238301,0.016959410087,10.4252272424,0.0315215797078,0.0443612667066,0.0,-0.110217980126,0.102444051766,1.45138387202,-0.0363526551312,0.0256450116719,0.0,444.6428181924006,444.78769392189673,445.8244103178198,445.5306935151629
0.6000000000000002,-0.0238443196106,0.0237076479532,10.5138234507,0.0309473216398,0.0458902096106,0.0,-0.138928136817,0.122428001596,1.50175098618,-0.0236147884066,0.02496387023,0.0,423.5337803296613,423.47534802520215,422.56567463710775,423.66175948232075
0.6600000000000003,-0.0332307481242,0.0317404734088,10.6084196643,0.0311256163953,0.0534413266124,0.0,-0.174800039969,0.145360521875,1.65120485127,-0.0387023993465,-0.00321456928539,0.0,455.69638669445595,453.4384648205486,455.870443801777,454.66313467608285
0.7200000000000003,-0.0449522623137,0.041172755294,10.7127503901,0.0303051984459,0.0547854292617,0.0,-0.21607263243,0.168963374879,1.82621096637,-0.0533803072338,-0.0180482291245,0.0,463.95296477226816,462.787047205685,463.570806492949,462.41509075838945
0.7800000000000004,-0.0592114389125,0.0520744578094,10.828112865,0.0419410055189,0.0562428192104,0.0,-0.259406947134,0.195813114695,2.01881719694,-0.096795353063,-0.0367490186986,0.0,470.3595154277386,468.9090352440564,470.17022448923774,466.7913703274923
0.8400000000000004,-0.0758677160467,0.0646143030523,10.9509102316,0.0366276523982,0.0564779089198,0.0,-0.295838485518,0.221662420599,2.07434251897,-0.0902007268177,-0.0551028014084,0.0,428.0225103664181,426.4566056579383,426.80619370763344,427.36063530329074
0.9000000000000005,-0.0951726461088,0.0789445933386,11.0851795659,0.0420787632664,0.0560095355204,0.0,-0.347589071118,0.256681184033,2.40063910511,-0.0552761532502,-0.0747957571934,0.0,508.7065146421732,507.292258517945,507.06268237532413,509.5611362490795
0.9600000000000005,-0.117414103951,0.0954374265392,11.2365807719,0.0499779462873,0.0517577910186,0.0,-0.393236177203,0.294079384316,2.64550490762,-0.093182566086,-0.070540821229,0.0,486.625002725962,486.9397202270401,487.8853215250385,485.04383458898565
1.0200000000000005,-0.142351456129,0.114368637161,11.4036700149,0.0474091528916,0.049611568479,0.0,-0.43772420998,0.336573172066,2.92348746104,-0.075301690748,-0.087609121656,0.0,497.01403249439244,495.75758189821755,497.2070328081178,498.50985911610417
1.0800000000000005,-0.169880038913,0.135765672657,11.5872207085,0.043175280386,0.0450738393741,0.0,-0.479300801062,0.376096031418,3.19419694156,-0.0824644287547,-0.0981744928621,0.0,497.02799676347803,496.247043560152,496.32117402354316,495.79108416317683
1.1400000000000006,-0.199542816784,0.159191437913,11.7813179557,0.0412123369252,0.0433848360582,0.0,-0.509263859155,0.404575531477,3.27549217337,-0.102628954012,-0.076889135639,0.0,441.1570987568195,442.90417551244815,441.3801427626927,439.7060280313382
1.2000000000000006,-0.231107117217,0.184418531008,11.9836377,0.0382793140209,0.039879950556,0.0,-0.54244330759,0.435986827163,3.46796120013,-0.123537706549,-0.0664940405489,0.0,475.4291555716276,476.2211556098516,476.2414675382308,474.62967785395824
1.2600000000000007,-0.264644855345,0.21152758706,12.1990549638,0.0370194597066,0.0370680290139,0.0,-0.575096808602,0.467497146609,3.71186640793,-0.151936561042,-0.0557458788867,0.0,491.1572935139451,491.9513487905224,492.6675207916287,490.54871356033874
1.3200000000000007,-0.29986484861,0.24025904819,12.4234616292,0.028389363884,0.033770839157,0.0,-0.598586159681,0.489389276584,3.76821916129,-0.160868965969,-0.0542725661918,0.0,436.6966173962265,436.8173905089764,436.8047112595882,436.0359277775438
1.3800000000000008,-0.33670145987,0.270342819706,12.6587338101,0.0215059561822,0.0344787524748,0.0,-0.629393188425,0.51243565354,4.07316880083,-0.143802813411,-0.0773167543435,0.0,511.6195692276054,509.97389812929526,509.20741583510807,510.4074674037341
1.4400000000000008,-0.375212543354,0.301512363782,12.9070882089,0.0129309337837,0.0321085364306,0.0,-0.654066002322,0.52562158608,4.20487199025,-0.147800172282,-0.0950610271159,0.0,462.59807596473473,461.1932105465521,463.25388680807276,462.9206620263553
1.5000000000000009,-0.415078464168,0.333262677829,13.1613068846,0.00449693792607,0.026906541973,0.0,-0.674305972712,0.531890621765,4.26889182308,-0.14168512673,-0.104112863831,0.0,443.6155879224459,442.86332703446686,441.4797944058886,441.9640947846953
1.560000000000001,-0.456046134649,0.365230901603,13.4188060283,6.28172497969,0.0226941595097,0.0,-0.690877991519,0.533169339366,4.31427281931,-0.160399048332,-0.0896428836251,0.0,436.4328754729783,437.63039035671727,437.70952807426875,436.1281892408467
1.620000000000001,-0.498008645854,0.397138267151,13.6826496268,6.27287619286,0.0180522975243,0.0,-0.70736094275,0.529405769211,4.47991232535,-0.151880981354,-0.100322219299,0.0,475.10488183108237,474.27856360769994,473.3620970816106,473.995353783346
1.680000000000001,-0.540767402456,0.42867771101,13.9513974584,6.26382598676,0.0129542725931,0.0,-0.717488705676,0.521111940618,4.47838391127,-0.150088537613,-0.0909399083338,0.0,423.55709041595725,424.35473767816507,422.6707434300617,422.8023785311357
1.740000000000001,-0.584028239419,0.459596901388,14.2186122177,6.25765067013,0.00768844726049,0.0,-0.72412633763,0.509012198339,4.42898878479,-0.132822188039,-0.0872099945211,0.0,407.01744936773116,407.3436466434811,406.3590286318017,407.8825456689134
1.8000000000000012,-0.62766198323,0.489467827724,14.4909030836,6.24971388569,0.00346448744612,0.0,-0.729817033427,0.485754413176,4.6465232285,-0.131710544304,-0.0773435348464,0.0,489.729128268228,490.457478206974,489.83068947941575,489.8990099495849
1.8600000000000012,-0.671533332574,0.517819591112,14.7748311621,6.24685012627,6.28259591785,0.0,-0.732101779887,0.458981513656,4.8170525541,-0.10829212179,-0.0700675926574,0.0,476.3005347172621,476.85273219920816,478.6564407310139,480.4227841880051
1.9200000000000013,-0.715496914511,0.544621635303,15.0669838086,6.25509157677,0.00613595955908,0.0,-0.734069970147,0.435343306763,4.9209109068,-0.151565691204,-0.10750302411,0.0,461.3889131059794,458.41808198440043,460.93848751141644,457.49219433557215
1.9800000000000013,-0.759661709459,0.570129601824,15.3647463817,6.246526097,6.28303633311,0.0,-0.737469315568,0.414066980644,5.00416268556,-0.144713250353,-0.10409161692,0.0,454.252600610879,454.5164770241155,453.6865022291524,454.2160122080369
2.0400000000000014,-0.803916834709,0.594208153373,15.6669498952,6.23783143915,6.27932047688,0.0,-0.737365561222,0.387715800814,5.06899972401,-0.145777231451,-0.122756532056,0.0,449.6375781905584,448.11203376707965,449.5582392089272,449.4525905804947
2.1000000000000014,-0.848101882356,0.616689586835,15.9697761322,6.22971145544,6.27388061441,0.0,-0.735025028034,0.361003977192,5.02540083048,-0.155732668154,-0.108709179275,0.0,414.0784589780434,415.2989681368214,415.0030150988141,414.10544369558306
2.1600000000000015,-0.89204175735,0.637352626016,16.271419985,6.220670422,6.26743514463,0.0,-0.729082838173,0.326972918508,5.02936424273,-0.163081378871,-0.113179665153,0.0,430.10143644723627,429.71140219928293,430.4264940245783,429.7793684265691
2.2200000000000015,-0.935488449297,0.655737516267,16.5754993195,6.23023164574,6.26448886898,0.0,-0.718879779641,0.28679732663,5.10630215817,-0.11608512519,-0.135892820619,0.0,454.20871695444873,452.370333356668,451.28834051678115,455.0464440205269
2.2800000000000016,-0.978235332673,0.671787044079,16.8853988036,6.22450807754,6.26068323562,0.0,-0.705609098077,0.247605828708,5.22313638505,-0.105021005731,-0.114220226843,0.0,465.8386637091212,467.51624454412917,465.0394434151604,465.89481804140166
2.3400000000000016,-1.02009750034,0.685285181121,17.2036296252,6.21887768446,6.26255284102,0.0,-0.689980056781,0.201744268637,5.38378269115,-0.0971692756002,-0.0830452886587,0.0,479.7687569624626,482.1216888086125,479.0949877652171,479.68342071661766
2.4000000000000017,-1.06108241,0.696055119669,17.5293799364,6.21585034243,6.25768213857,0.0,-0.675703875808,0.157001790523,5.47411957067,-0.116748707092,-0.0803879478508,0.0,460.08774106464165,460.2928938867964,462.0370385254038,460.4816078520995
2.4600000000000017,-1.10110936631,0.703988205959,17.86188323,6.21258804736,6.26049987513,0.0,-0.6588713839,0.107159294803,5.60864380797,-0.139175839547,-0.111893016043,0.0,475.7742849406935,473.34920610800015,476.10389198335014,474.37165552190424
2.520000000000002,-1.14022763937,0.709018477963,18.2000386672,6.20550581476,6.26004815756,0.0,-0.645058317306,0.0598751592756,5.6628902577,-0.152771958539,-0.140532191098,0.0,453.07104374434783,450.7490255890768,452.5399912270832,451.4251328164418
2.580000000000002,-1.17853337359,0.711240687081,18.5394502178,6.20074327264,6.2537822247,0.0,-0.631255090678,0.0138121488008,5.6508594929,-0.176992478971,-0.12556639636,0.0,431.3636335168596,432.6082851709262,432.0427977921898,429.9698606306102
2.640000000000002,-1.21578996751,0.710269907733,18.8820015919,6.19011602461,6.24839825204,0.0,-0.61010696066,-0.0472333120043,5.76685477768,-0.177473295942,-0.14287449415,0.0,472.38359719412136,471.0320305736449,471.10919936016205,471.0437020206216
2.700000000000002,-1.25186244422,0.705958844297,19.2258526652,6.18257317598,6.24158420914,0.0,-0.591788964562,-0.0970614798375,5.69514769774,-0.198016416364,-0.158651257739,0.0,414.0332504954415,412.6201147873468,413.5492359160895,411.69944444933924
2.760000000000002,-1.28664996088,0.698352633255,19.5670930913,6.17083549164,6.23281030876,0.0,-0.567042830193,-0.157486557159,5.679499667,-0.194900427601,-0.150320065078,0.0,430.81891894098925,431.49911032301793,430.9192219644481,431.1433600458257
2.820000000000002,-1.3196604182,0.686591550224,19.9103512612,6.16262306686,6.22805667008,0.0,-0.532830405467,-0.235288825342,5.76190764851,-0.21657700874,-0.128864670656,0.0,461.3495055037248,463.0224884740176,463.07927318641737,461.33226366601184
2.880000000000002,-1.35050954389,0.669977057023,20.2585718408,6.15071768779,6.22035088437,0.0,-0.494732537856,-0.31966466153,5.84483995243,-0.206282704685,-0.132204064953,0.0,463.1066843132433,462.8291550674189,463.639282255803,464.40482831789893
2.940000000000002,-1.37939426099,0.64905479328,20.604402456,6.13901079155,6.21360322574,0.0,-0.467601601449,-0.378594080713,5.68351712927,-0.198436928275,-0.121421918087,0.0,382.8457951231591,383.85257511873385,382.33306830655556,383.0320289950872
3.000000000000002,-1.40602859799,0.623343446706,20.948045044,6.12783321897,6.20792616473,0.0,-0.419653220512,-0.479480051143,5.77056796405,-0.209065923063,-0.108678781084,0.0,463.68362368552124,464.67214071255484,465.91409523736695,465.0441850342584
3.0600000000000023,-1.42961665252,0.591238640187,21.2975606008,6.11530735361,6.20257697151,0.0,-0.366086753474,-0.591865251381,5.87910799653,-0.212168447247,-0.0979620029045,0.0,472.053807300932,472.8712679124887,473.1940769404288,472.91458528847846
3.1200000000000023,-1.44999804618,0.552373248037,21.6521442314,6.10347246245,6.19847542028,0.0,-0.312932243953,-0.704698685019,5.93973962168,-0.223803947405,-0.113811271014,0.0,459.9610677465093,458.69500826080855,460.8110626032162,459.84579294850994
3.1800000000000024,-1.46734000841,0.507013425269,22.0075543948,6.09036358002,6.1921324502,0.0,-0.264584214544,-0.808374030941,5.90711601764,-0.231311524819,-0.107283704292,0.0,430.29079161097894,430.83166960657036,432.1973746151387,431.5114893757471
3.2400000000000024,-1.48167276242,0.455193667387,22.3610743327,6.0771128848,6.18961201472,0.0,-0.212928620729,-0.920039374774,5.87669234712,-0.241276865157,-0.0867718670965,0.0,430.5796820339762,432.30279464156644,433.617314731694,432.72267835134096
3.3000000000000025,-1.49323566897,0.397233742788,22.7090197524,6.06289141992,6.19365825707,0.0,-0.172707055732,-1.01301295868,5.72195732081,-0.236816217422,-0.121315377608,0.0,390.5165056883636,387.2701682760749,389.30555104916135,389.65652574051967
3.3600000000000025,-1.50156752416,0.331298137196,23.0574073512,6.04867225889,6.20430676969,0.0,-0.106258908472,-1.18621118333,5.889649756,-0.237547393585,-0.0761185019157,0.0,491.7978811673589,495.1259776049511,493.954785365522,493.8509623995541
3.4200000000000026,-1.50666855551,0.256269796541,23.4090742424,6.03444536035,6.20776400712,0.0,-0.064008442442,-1.31587904183,5.83244050025,-0.240883806121,-0.0462647138543,0.0,423.99478161439464,426.548940471259,426.221938194332,425.87706333327515
3.4800000000000026,-1.5089939071,0.172337039411,23.7608055861,6.0234775304,6.20543715786,0.0,-0.0133006561052,-1.48277098202,5.89115129211,-0.262571262716,-0.0400269004811,0.0,464.6582495139385,465.14608243149166,463.65526683732645,461.8887842053656
3.5400000000000027,-1.50846251995,0.0789320657824,24.1131297785,6.00804324682,6.20325099892,0.0,0.0311972133722,-1.63198014663,5.85261515124,-0.257460898341,-0.0464516032258,0.0,433.68955849720015,433.1484604776857,434.58014585343585,434.93825722544534
3.6000000000000028,-1.50501637646,-0.0243992925814,24.4656000945,5.99291753347,6.20242231326,0.0,0.0837052137422,-1.81366492617,5.89549834476,-0.264993313089,-0.0630288253544,0.0,462.59162055529123,461.28248735204136,461.53609156585486,460.87573307115525
3.660000000000003,-1.49838029958,-0.138966298694,24.8207080426,5.97702986538,6.19925868631,0.0,0.137756521387,-2.00655598137,5.94042199238,-0.267891020351,-0.0729248080104,0.0,465.0122207985264,464.2331454062454,463.9391325481568,463.6434126877247
3.720000000000003,-1.48847777576,-0.265379325158,25.1783265718,5.96124943893,6.20463815222,0.0,0.191730384981,-2.20850898877,5.97920541858,-0.275143363173,-0.108360337677,0.0,466.16436683387485,463.3808754296864,464.38687869470635,463.7470984997531
3.780000000000003,-1.47552129821,-0.403983699067,25.5375061564,5.94534091044,6.21837659304,0.0,0.238878906958,-2.41293923727,5.99257703959,-0.267774755332,-0.0602633747217,0.0,456.08101911456583,459.900214012564,458.5602296512602,459.0727904773179
3.840000000000003,-1.4598421405,-0.555631779684,25.898807663,5.9325068682,6.21518296685,0.0,0.284025028382,-2.64294894924,6.04961696779,-0.288708239172,-0.0686819194901,0.0,474.54987507299177,473.9004677298836,475.1718313093298,473.49273625569384
3.900000000000003,-1.44169735531,-0.719835971775,26.2593680577,5.91902683382,6.21631113791,0.0,0.320732854243,-2.83157630288,5.96868676826,-0.268403476225,-0.0447559749336,0.0,430.16421360246005,432.18327667244165,430.4849593826073,432.1170710809767
3.960000000000003,-1.42107314706,-0.897184895863,26.6191968436,5.90453375974,6.21904376874,0.0,0.36642922823,-3.08115859681,6.02424285789,-0.255648925186,-0.0204297169373,0.0,477.12751021334094,478.9809700978299,476.43200587834923,477.34135423858754
4.020000000000002,-1.39791589501,-1.08886671595,26.9799368939,5.89027856361,6.2196466525,0.0,0.405409669202,-3.30930124279,5.99952095416,-0.245383629823,-0.00676771787038,0.0,454.32709237787077,455.42151497236,453.38779951065237,454.1496496451007
4.080000000000001,-1.3725538792,-1.2937470996,27.337327884,5.87602975797,6.22075952797,0.0,0.439905270649,-3.52110231812,5.9129692542,-0.254224000154,0.00558639403075,0.0,434.8029856827968,435.8370764453935,435.4859290090942,434.6823278369811
4.14,-1.34517361507,-1.51134681165,27.688943273,5.86201254775,6.22157138013,0.0,0.472698285088,-3.73327362496,5.80706553454,-0.243186788812,-0.00327123318045,0.0,429.38213904183317,428.6297848783851,429.9321844340539,430.8014351786888
4.199999999999998,-1.31603181248,-1.74064315156,28.031343827,5.84743338961,6.2248587907,0.0,0.498505229302,-3.91106499571,5.60638779775,-0.242688483111,-0.0249525020829,0.0,395.75811500645636,393.75688384702187,396.1180374139607,396.09691914499916
4.259999999999997,-1.28520293911,-1.98201024338,28.3642304226,5.83342924476,6.22337875226,0.0,0.529232016482,-4.13552159032,5.48928312889,-0.252154756795,-0.0280217506155,0.0,426.9597865005946,426.6976144958426,427.4134182130361,426.54237787629677
4.319999999999996,-1.25252324456,-2.23705917345,28.6899957568,5.82044471098,6.22709313355,0.0,0.559775076673,-4.36708039896,5.3690161784,-0.237268764005,-0.054695903815,0.0,428.4949189296914,426.2199169819658,426.29477611720506,427.50136198765784
4.379999999999995,-1.21789999507,-2.50736976804,29.010788861,5.80932667631,6.22393777003,0.0,0.594584950855,-4.64397443522,5.32302222241,-0.257851187231,-0.0518209661067,0.0,455.04632725853423,455.2746349721824,455.6441554343741,453.9370084177286
4.439999999999993,-1.18136822632,-2.79276647541,29.3253325236,5.79386314779,6.22479882985,0.0,0.623094800413,-4.87036083881,5.16125272068,-0.260585728108,-0.0311607780391,0.0,415.23959496658046,417.04725144842683,415.26483224037804,414.95226182565136
4.499999999999992,-1.14311281096,-3.09219187353,29.6304846686,5.78080779445,6.22582931431,0.0,0.651988450714,-5.11145297916,5.00990540798,-0.244151769966,-0.0510547229631,0.0,422.14734191338766,420.42590680415793,419.91302450974064,421.26731960895034
4.559999999999991,-1.10321481035,-3.40554165694,29.9251490963,5.77711164677,6.22312157441,0.0,0.678147035831,-5.33412426118,4.81227769685,-0.209079462269,-0.045613777271,0.0,404.71415704898436,405.2019652299461,401.77021051132675,404.8788458748618
4.6199999999999894,-1.0613937635,-3.73489739319,30.2124706479,5.76547380619,6.22037283318,0.0,0.716088099317,-5.64508423832,4.76372808194,-0.220782069349,-0.0467098555827,0.0,459.79064082383917,459.7026115891081,460.7415175585129,459.7720473568448
4.679999999999988,-1.01755201558,-4.08072832556,30.4925408432,5.75401045725,6.21755836648,0.0,0.745500408595,-5.88352120922,4.57150075615,-0.236662580925,-0.0477852479641,0.0,409.66586893147064,409.5686745250948,410.8369891019125,409.37054096896287
4.739999999999987,-0.971749125638,-4.44225506717,30.7630154894,5.73980032035,6.21480894995,0.0,0.78145221226,-6.16829470411,4.44317850941,-0.238309216211,-0.045040331276,0.0,435.4292644958233,435.65754094825485,436.5026417259666,436.307888755444
4.799999999999986,-0.923602369918,-4.82217549045,31.0274121436,5.72780031295,6.21218563769,0.0,0.823613450825,-6.49640277164,4.36851023821,-0.222859418585,-0.0429339887354,0.0,458.2033370563017,458.36975194382353,458.32016909544797,459.4945763663163
4.859999999999984,-0.873296208089,-5.21892249704,31.2822337361,5.72126173642,6.20965982538,0.0,0.853435787516,-6.72934130857,4.12540951419,-0.195400790116,-0.0468669685618,0.0,397.51963656132915,397.15758730562305,395.2658281893205,397.7381344944541
4.919999999999983,-0.820662001807,-5.63344650717,31.5281620751,5.70952627109,6.2070694002,0.0,0.901186382267,-7.08869505746,4.07035403184,-0.196872325126,-0.0533617477194,0.0,469.8275719786561,469.32226782898005,470.4977736468822,470.34864016343215
4.979999999999982,-0.765226961599,-6.06928227703,31.7698494677,5.69770440167,6.2178600519,0.0,0.945611067161,-7.43982986554,3.98424108982,-0.198621018912,-0.0135677719123,0.0,461.33573692028716,464.46720481703045,463.7195188097506,463.5457399827215
5.0399999999999805,-0.707706257907,-6.52307089172,32.001154843,5.68593308835,6.22378361744,0.0,0.97136453698,-7.68751106085,3.72545850608,-0.204176338702,-0.043227596632,0.0,401.66684410796483,398.96679310240654,399.6664934591502,399.11529671214157
